% Limit coordenates (Ti,hi) of the function T=f(h).
h2=11000
T2=216.5
h3=20100
T3=216.5
h4=32200
T4=228.5
h5=47300
T5=270.5
h6=52400
T6=270.5
h7=61600
T7=252.5
h8=80000
T8=180.5
