function T12=T12(h)

T12=-6.5e-3*h+288;
