function T23=T23(h)

T23=216.5;
