function T34=T34(h)
T34=9.92e-4*h+196.56
