function T45=T45(h)
T45=2.78e-3*h+139.1;
