function T56=T56(h)

T56=270.5;
