function T67=T67(h)

T67=-1.96e-3*h+373.2;
