function T78=T78(h)

T78=-3.94e-3*h+495.2;