%-fanDTasia ToolBox------------------------------------------------------------------
% This Matlab script is part of the fanDTasia ToolBox: a Matlab library for Diffusion 
% Weighted MRI (DW-MRI) Processing, Diffusion Tensor (DTI) Estimation, High-order 
% Diffusion Tensor Analysis, Tensor ODF estimation, Visualization and more.
%
% A Matlab Tutorial on DW-MRI can be found in:
% http://www.cise.ufl.edu/~abarmpou/lab/fanDTasia/tutorial.php
%
%-AUTHOR-----------------------------------------------------------------------------
% Angelos Barmpoutis, PhD
% Computer and Information Science and Engineering Department
% University of Florida, Gainesville, FL 32611, USA
% abarmpou at cise dot ufl dot edu
%------------------------------------------------------------------------------------


%A set of unit vectors
g=[0.00000000 0.52573109 0.85065079
0.00000000 -0.52573109 0.85065079
0.52573109 0.85065079 0.00000000
-0.52573109 0.85065079 0.00000000
0.85065079 0.00000000 0.52573109
0.85065079 0.00000000 -0.52573109
0.00000000 0.00000000 1.00000000
0.50000000 -0.30901700 0.80901700
0.50000000 0.30901700 0.80901700
-0.50000000 -0.30901700 0.80901700
-0.50000000 0.30901700 0.80901700
0.30901700 0.80901700 0.50000000
0.00000000 1.00000000 0.00000000
-0.30901700 0.80901700 0.50000000
0.80901700 0.50000000 0.30901700
-0.80901700 0.50000000 0.30901700
-0.30901700 -0.80901700 0.50000000
0.30901700 -0.80901700 0.50000000
-0.80901700 -0.50000000 0.30901700
0.80901700 -0.50000000 0.30901700
1.00000000 0.00000000 0.00000000
0.00000000 0.27326652 0.96193838
0.00000000 -0.27326652 0.96193838
0.25989190 -0.43388855 0.86266845
0.70204645 -0.16062205 0.69378048
0.25989190 0.43388855 0.86266845
0.70204645 0.16062205 0.69378048
-0.25989190 -0.43388855 0.86266845
-0.70204645 -0.16062205 0.69378048
-0.25989190 0.43388855 0.86266845
-0.70204645 0.16062205 0.69378048
0.16062205 0.69378048 0.70204645
0.43388855 0.86266845 0.25989190
0.27326652 0.96193838 0.00000000
-0.27326652 0.96193838 0.00000000
-0.16062205 0.69378048 0.70204645
-0.43388855 0.86266845 0.25989190
0.69378048 0.70204645 0.16062205
0.86266845 0.25989190 0.43388855
-0.69378048 0.70204645 0.16062205
-0.86266845 0.25989190 0.43388855
-0.16062205 -0.69378048 0.70204645
-0.43388855 -0.86266845 0.25989190
0.16062205 -0.69378048 0.70204645
0.43388855 -0.86266845 0.25989190
-0.69378048 -0.70204645 0.16062205
-0.86266845 -0.25989190 0.43388855
0.69378048 -0.70204645 0.16062205
0.86266845 -0.25989190 0.43388855
0.96193838 0.00000000 0.27326652
0.96193838 0.00000000 -0.27326652
0.26286557 -0.16245985 0.95105654
0.52573109 0.00000000 0.85065079
0.26286557 0.16245985 0.95105654
-0.26286557 -0.16245985 0.95105654
-0.52573109 0.00000000 0.85065079
-0.26286557 0.16245985 0.95105654
0.16245985 0.95105654 0.26286557
-0.16245985 0.95105654 0.26286557
0.00000000 0.85065079 0.52573109
0.58778524 0.68819094 0.42532539
0.68819094 0.42532539 0.58778524
0.42532539 0.58778524 0.68819094
-0.58778524 0.68819094 0.42532539
-0.68819094 0.42532539 0.58778524
-0.42532539 0.58778524 0.68819094
-0.16245985 -0.95105654 0.26286557
0.16245985 -0.95105654 0.26286557
0.00000000 -0.85065079 0.52573109
-0.58778524 -0.68819094 0.42532539
-0.68819094 -0.42532539 0.58778524
-0.42532539 -0.58778524 0.68819094
0.58778524 -0.68819094 0.42532539
0.68819094 -0.42532539 0.58778524
0.42532539 -0.58778524 0.68819094
0.95105654 0.26286557 0.16245985
0.95105654 0.26286557 -0.16245985
0.85065079 0.52573109 0.00000000
-0.95105654 0.26286557 -0.16245985
-0.95105654 0.26286557 0.16245985
-0.85065079 0.52573109 0.00000000
0.00000000 0.40335536 0.91504341
0.00000000 0.13795224 0.99043888
0.00000000 -0.40335536 0.91504341
0.00000000 -0.13795224 0.99043888
0.13120037 -0.48444164 0.86492932
0.38361374 -0.37503856 0.84391147
0.78384304 -0.08108629 0.61564201
0.60682517 -0.23708633 0.75865233
0.13120037 0.48444164 0.86492932
0.38361374 0.37503856 0.84391147
0.78384304 0.08108629 0.61564201
0.60682517 0.23708633 0.75865233
-0.13120037 -0.48444164 0.86492932
-0.38361374 -0.37503856 0.84391147
-0.78384304 -0.08108629 0.61564201
-0.60682517 -0.23708633 0.75865233
-0.13120037 0.48444164 0.86492932
-0.38361374 0.37503856 0.84391147
-0.78384304 0.08108629 0.61564201
-0.60682517 0.23708633 0.75865233
0.08108629 0.61564201 0.78384304
0.23708633 0.75865233 0.60682517
0.48444164 0.86492932 0.13120037
0.37503856 0.84391147 0.38361374
0.40335536 0.91504341 0.00000000
0.13795224 0.99043888 0.00000000
-0.40335536 0.91504341 0.00000000
-0.13795224 0.99043888 0.00000000
-0.08108629 0.61564201 0.78384304
-0.23708633 0.75865233 0.60682517
-0.48444164 0.86492932 0.13120037
-0.37503856 0.84391147 0.38361374
0.61564201 0.78384304 0.08108629
0.75865233 0.60682517 0.23708633
0.86492932 0.13120037 0.48444164
0.84391147 0.38361374 0.37503856
-0.61564201 0.78384304 0.08108629
-0.75865233 0.60682517 0.23708633
-0.86492932 0.13120037 0.48444164
-0.84391147 0.38361374 0.37503856
-0.08108629 -0.61564201 0.78384304
-0.23708633 -0.75865233 0.60682517
-0.48444164 -0.86492932 0.13120037
-0.37503856 -0.84391147 0.38361374
0.08108629 -0.61564201 0.78384304
0.23708633 -0.75865233 0.60682517
0.48444164 -0.86492932 0.13120037
0.37503856 -0.84391147 0.38361374
-0.61564201 -0.78384304 0.08108629
-0.75865233 -0.60682517 0.23708633
-0.86492932 -0.13120037 0.48444164
-0.84391147 -0.38361374 0.37503856
0.61564201 -0.78384304 0.08108629
0.75865233 -0.60682517 0.23708633
0.86492932 -0.13120037 0.48444164
0.84391147 -0.38361374 0.37503856
0.91504341 0.00000000 0.40335536
0.99043888 0.00000000 0.13795224
0.91504341 0.00000000 -0.40335536
0.99043888 0.00000000 -0.13795224
0.13307109 -0.08224247 0.98768836
0.38618740 -0.23867694 0.89100653
0.51925850 -0.15643448 0.84017789
0.51925850 0.15643448 0.84017789
0.13307109 0.08224247 0.98768836
0.38618740 0.23867694 0.89100653
-0.13307109 -0.08224247 0.98768836
-0.38618740 -0.23867694 0.89100653
-0.51925850 -0.15643448 0.84017789
-0.51925850 0.15643448 0.84017789
-0.13307109 0.08224247 0.98768836
-0.38618740 0.23867694 0.89100653
0.23867694 0.89100653 0.38618740
0.08224247 0.98768836 0.13307109
-0.08224247 0.98768836 0.13307109
-0.23867694 0.89100653 0.38618740
0.15643448 0.84017789 0.51925850
-0.15643448 0.84017789 0.51925850
0.45399049 0.75793540 0.46842986
0.70710677 0.60150099 0.37174803
0.75793540 0.46842986 0.45399049
0.60150099 0.37174803 0.70710677
0.37174803 0.70710677 0.60150099
0.46842986 0.45399049 0.75793540
-0.45399049 0.75793540 0.46842986
-0.70710677 0.60150099 0.37174803
-0.75793540 0.46842986 0.45399049
-0.60150099 0.37174803 0.70710677
-0.37174803 0.70710677 0.60150099
-0.46842986 0.45399049 0.75793540
-0.23867694 -0.89100653 0.38618740
-0.08224247 -0.98768836 0.13307109
0.08224247 -0.98768836 0.13307109
0.23867694 -0.89100653 0.38618740
-0.15643448 -0.84017789 0.51925850
0.15643448 -0.84017789 0.51925850
-0.45399049 -0.75793540 0.46842986
-0.70710677 -0.60150099 0.37174803
-0.75793540 -0.46842986 0.45399049
-0.60150099 -0.37174803 0.70710677
-0.37174803 -0.70710677 0.60150099
-0.46842986 -0.45399049 0.75793540
0.45399049 -0.75793540 0.46842986
0.70710677 -0.60150099 0.37174803
0.75793540 -0.46842986 0.45399049
0.60150099 -0.37174803 0.70710677
0.37174803 -0.70710677 0.60150099
0.46842986 -0.45399049 0.75793540
0.89100653 0.38618740 0.23867694
0.98768836 0.13307109 0.08224247
0.98768836 0.13307109 -0.08224247
0.89100653 0.38618740 -0.23867694
0.84017789 0.51925850 0.15643448
0.84017789 0.51925850 -0.15643448
-0.89100653 0.38618740 -0.23867694
-0.98768836 0.13307109 -0.08224247
-0.98768836 0.13307109 0.08224247
-0.89100653 0.38618740 0.23867694
-0.84017789 0.51925850 -0.15643448
-0.84017789 0.51925850 0.15643448
0.13165537 -0.35822880 0.92430460
0.26408276 -0.30125889 0.91624421
0.13279247 -0.22011703 0.96639258
0.71128172 0.00000000 0.70290703
0.62023956 0.08114185 0.78020436
0.62023956 -0.08114185 0.78020436
0.13165537 0.35822880 0.92430460
0.26408276 0.30125889 0.91624421
0.13279247 0.22011703 0.96639258
0.39960706 -0.08232358 0.91298246
