X = [...
 0  0  1;
 0  1  1;
 1  1  1;
 0  1  1;
 0  0  1;
 0  1  0;
 1  0  0;
 1  0  0;
 0  0  1;
 0  1  0;
 0  0  0;
 0  0  0;
 1  0  1;
 0  0  0;
 0  1  0;
 0  0  0;
 0  0  0;
 1  0  0;
 0  1  1;
 0  0  0;
 0  0  0;
 0  0  0;
 1  1  0;
 0  0  0;
 0  0  1;
 0  0  1;
 0  1  0;
 1  0  0;
 0  0  0;
 0  0  1;
 0  1  0;
 1  1  1;
 1  1  1;
 1  1  1;
 0  1  0;
 1  1  1;];

D = [...
 1  0  0;
 0  1  0;
 0  0  1;];


X1 = [ 0 1 1 1 0    1 0 0 0 1    1 0 0 1 1    1 0 1 0 1    1 1 0 0 1    1 0 0 0 1    0 1 1 1 0   1;
       0 0 1 0 0    0 1 1 0 0    0 0 1 0 0    0 0 1 0 0    0 0 1 0 0    0 0 1 0 0    0 1 1 1 0   1;
       0 1 1 1 0    1 0 0 0 1    0 0 0 0 1    0 0 0 1 0    0 0 1 0 0    0 1 0 0 0    1 1 1 1 1   1;
       1 1 1 1 1    0 0 0 1 0    0 0 1 0 0    0 0 0 1 0    0 0 0 0 1    1 0 0 0 1    0 1 1 1 0   1;
       0 0 0 1 0    0 0 1 1 0    0 1 0 1 0    1 0 0 1 0    1 1 1 1 1    0 0 0 1 0    0 0 0 1 0   1;
       1 1 1 1 1    1 0 0 0 0    1 1 1 1 0    0 0 0 0 1    0 0 0 0 1    1 0 0 0 1    0 1 1 1 0   1;
       0 0 1 1 0    0 1 0 0 0    1 0 0 0 0    1 1 1 1 0    1 0 0 0 1    1 0 0 0 1    0 1 1 1 0   1;
       1 1 1 1 1    0 0 0 0 1    0 0 0 1 0    0 0 1 0 0    0 1 0 0 0    0 1 0 0 0    0 1 0 0 0   1;
       0 1 1 1 0    1 0 0 0 1    1 0 0 0 1    0 1 1 1 0    1 0 0 0 1    1 0 0 0 1    0 1 1 1 0   1;
       0 1 1 1 0    1 0 0 0 1    1 0 0 0 1    0 1 1 1 1    0 0 0 0 1    0 0 0 1 0    0 1 1 0 0   1;];
X1 = X1';

D1 = eye(10);

X2 = [ 0 1 1 1 0    1 0 0 0 1    1 0 0 0 1    1 0 0 0 1    1 0 0 0 1    1 0 0 0 1    0 1 1 1 0   1;
       0 0 1 0 0    0 0 1 0 0    0 0 1 0 0    0 0 1 0 0    0 0 1 0 0    0 0 1 0 0    0 0 1 0 0   1;
       0 1 1 1 0    0 0 0 0 1    0 0 0 0 1    0 0 0 1 0    0 0 1 0 0    0 1 0 0 0    0 1 1 1 0   1;
       1 1 1 1 0    0 0 0 1 0    0 0 1 0 0    0 0 0 1 0    0 0 0 0 1    0 0 0 0 1    0 1 1 1 1   1;
       0 0 0 0 0    0 0 1 1 0    0 1 0 1 0    1 0 0 1 0    1 1 1 1 0    0 0 0 1 0    0 0 0 1 0   1;
       1 1 1 1 0    1 0 0 0 0    1 1 1 1 1    0 0 0 0 1    0 0 0 0 1    0 0 0 0 1    0 1 1 1 1   1;
       0 0 1 1 1    0 1 0 0 0    1 0 0 0 0    1 1 1 1 1    1 0 0 0 1    1 0 0 0 1    1 1 1 1 1   1;
       0 1 1 1 1    0 0 0 0 1    0 0 0 1 0    0 0 1 0 0    0 1 0 0 0    0 1 0 0 0    0 1 0 0 0   1;
       1 1 1 1 1    1 0 0 0 1    1 0 0 0 1    0 1 1 1 0    1 0 0 0 1    1 0 0 0 1    1 1 1 1 1   1;
       1 1 1 1 1    1 0 0 0 1    1 0 0 0 1    0 1 1 1 1    0 0 0 0 1    0 0 0 1 0    0 1 1 0 0   1;];
X2 = X2';