function inv=zigzinv32(T);

inv=[	T(1,1)  T(1,2)  T(1,6)  T(1,7)  T(1,15) T(1,16) T(1,28) T(1,29) T(1,45) T(1,46) T(1,66) T(1,67) T(1,91) T(1,92) T(1,120) T(1,121) T(1,153) T(1,154) T(1,190) T(1,191) T(1,231) T(1,232) T(1,276) T(1,277) T(1,325) T(1,326) T(1,378) T(1,379) T(1,435) T(1,436) T(1,496) T(1,497)
   	    T(1,3)  T(1,5)  T(1,8)  T(1,14) T(1,17) T(1,27) T(1,30) T(1,44) T(1,47) T(1,65) T(1,68) T(1,90) T(1,93) T(1,119) T(1,122) T(1,152) T(1,155) T(1,189) T(1,192) T(1,230) T(1,233) T(1,275) T(1,278) T(1,324) T(1,327) T(1,377) T(1,380) T(1,434) T(1,437) T(1,495) T(1,498) T(1,559)
		T(1,4)  T(1,9)  T(1,13) T(1,18) T(1,26) T(1,31) T(1,43) T(1,48) T(1,64) T(1,69) T(1,89) T(1,94) T(1,118) T(1,123) T(1,151) T(1,156) T(1,188) T(1,193) T(1,229) T(1,234) T(1,274) T(1,279) T(1,323) T(1,328) T(1,376) T(1,381) T(1,433) T(1,438) T(1,494) T(1,499) T(1,558) T(1,560)
		T(1,10) T(1,12) T(1,19) T(1,25) T(1,32) T(1,42) T(1,49) T(1,63) T(1,70) T(1,88) T(1,95) T(1,117) T(1,124) T(1,150) T(1,157) T(1,187) T(1,194) T(1,228) T(1,235) T(1,273) T(1,280) T(1,322) T(1,329) T(1,375) T(1,382) T(1,432) T(1,439) T(1,493) T(1,500) T(1,557) T(1,561) T(1,618) 
		T(1,11) T(1,20) T(1,24) T(1,33) T(1,41) T(1,50) T(1,62) T(1,71) T(1,87) T(1,96) T(1,116) T(1,125) T(1,149) T(1,158) T(1,186) T(1,195) T(1,227) T(1,236) T(1,272) T(1,281) T(1,321) T(1,330) T(1,374) T(1,383) T(1,431) T(1,440) T(1,492) T(1,501) T(1,556) T(1,562) T(1,617) T(1,619)
 		T(1,21) T(1,23) T(1,34) T(1,40) T(1,51) T(1,61) T(1,72) T(1,86) T(1,97) T(1,115) T(1,126) T(1,148) T(1,159) T(1,185) T(1,196) T(1,226) T(1,237) T(1,271) T(1,282) T(1,320) T(1,331) T(1,373) T(1,384) T(1,430) T(1,441) T(1,491) T(1,502) T(1,555) T(1,563) T(1,616) T(1,620) T(1,673)
		T(1,22) T(1,35) T(1,39) T(1,52) T(1,60) T(1,73) T(1,85) T(1,98) T(1,114) T(1,127) T(1,147) T(1,160) T(1,184) T(1,197) T(1,225) T(1,238) T(1,270) T(1,283) T(1,319) T(1,332) T(1,372) T(1,385) T(1,429) T(1,442) T(1,490) T(1,503) T(1,554) T(1,564) T(1,615) T(1,621) T(1,672) T(1,674)
		T(1,36) T(1,38) T(1,53) T(1,59) T(1,74) T(1,84) T(1,99) T(1,113) T(1,128) T(1,146) T(1,161) T(1,183) T(1,198) T(1,224) T(1,239) T(1,269) T(1,284) T(1,318) T(1,333) T(1,371) T(1,386) T(1,428) T(1,443) T(1,489) T(1,504) T(1,553) T(1,565) T(1,614) T(1,622) T(1,671) T(1,675) T(1,724)
        T(1,37) T(1,54) T(1,58) T(1,75) T(1,83) T(1,100) T(1,112) T(1,129) T(1,145) T(1,162) T(1,182) T(1,199) T(1,223) T(1,240) T(1,268) T(1,285) T(1,317) T(1,334) T(1,370) T(1,387) T(1,427) T(1,444) T(1,488) T(1,505) T(1,552) T(1,566) T(1,613) T(1,623) T(1,670) T(1,676) T(1,723) T(1,725)
   	    T(1,55) T(1,57) T(1,76) T(1,82) T(1,101) T(1,111) T(1,130) T(1,144) T(1,163) T(1,181) T(1,200) T(1,222) T(1,241) T(1,267) T(1,286) T(1,316) T(1,335) T(1,369) T(1,388) T(1,426) T(1,445) T(1,487) T(1,506) T(1,551) T(1,567) T(1,612) T(1,624) T(1,669) T(1,677) T(1,722) T(1,726) T(1,771)
		T(1,56) T(1,77) T(1,81) T(1,102) T(1,110) T(1,131) T(1,143) T(1,164) T(1,180) T(1,201) T(1,221) T(1,242) T(1,266) T(1,287) T(1,315) T(1,336) T(1,368) T(1,389) T(1,425) T(1,446) T(1,486) T(1,507) T(1,550) T(1,568) T(1,611) T(1,625) T(1,668) T(1,678) T(1,721) T(1,727) T(1,770) T(1,772) 
		T(1,78) T(1,80) T(1,103) T(1,109) T(1,132) T(1,142) T(1,165) T(1,179) T(1,202) T(1,220) T(1,243) T(1,265) T(1,288) T(1,314) T(1,337) T(1,367) T(1,390) T(1,424) T(1,447) T(1,485) T(1,508) T(1,549) T(1,569) T(1,610) T(1,626) T(1,667) T(1,679) T(1,720) T(1,728) T(1,769) T(1,773) T(1,814)
		T(1,79) T(1,104) T(1,108) T(1,133) T(1,141) T(1,166) T(1,178) T(1,203) T(1,219) T(1,244) T(1,264) T(1,289) T(1,313) T(1,338) T(1,366) T(1,391) T(1,423) T(1,448) T(1,484) T(1,509) T(1,548) T(1,570) T(1,609) T(1,627) T(1,666) T(1,680) T(1,719) T(1,729) T(1,768) T(1,774) T(1,813) T(1,815)
 		T(1,105) T(1,107) T(1,134) T(1,140) T(1,167) T(1,177) T(1,204) T(1,218) T(1,245) T(1,263) T(1,290) T(1,312) T(1,339) T(1,365) T(1,392) T(1,422) T(1,449) T(1,483) T(1,510) T(1,547) T(1,571) T(1,608) T(1,628) T(1,665) T(1,681) T(1,718) T(1,730) T(1,767) T(1,775) T(1,812) T(1,816) T(1,853) 
		T(1,106) T(1,135) T(1,139) T(1,168) T(1,176) T(1,205) T(1,217) T(1,246) T(1,262) T(1,291) T(1,311) T(1,340) T(1,364) T(1,393) T(1,421) T(1,450) T(1,482) T(1,511) T(1,546) T(1,572) T(1,607) T(1,629) T(1,664) T(1,682) T(1,717) T(1,731) T(1,766) T(1,776) T(1,811) T(1,817) T(1,852) T(1,854)
		T(1,136) T(1,138) T(1,169) T(1,175) T(1,206) T(1,216) T(1,247) T(1,261) T(1,292) T(1,310) T(1,341) T(1,363) T(1,394) T(1,420) T(1,451) T(1,481) T(1,512) T(1,545) T(1,573) T(1,606) T(1,630) T(1,663) T(1,683) T(1,716) T(1,732) T(1,765) T(1,777) T(1,810) T(1,818) T(1,851) T(1,855) T(1,888)
        T(1,137)  T(1,170)  T(1,174)  T(1,207) T(1,215) T(1,248) T(1,260) T(1,293) T(1,309) T(1,342) T(1,362) T(1,395) T(1,419) T(1,452) T(1,480) T(1,513) T(1,544) T(1,574) T(1,605) T(1,631) T(1,662) T(1,684) T(1,715) T(1,733) T(1,764) T(1,778) T(1,809) T(1,819) T(1,850) T(1,856) T(1,887) T(1,889)
   	    T(1,171)  T(1,173)  T(1,208)  T(1,214) T(1,249) T(1,259) T(1,294) T(1,308) T(1,343) T(1,361) T(1,396) T(1,418) T(1,453) T(1,479) T(1,514) T(1,543) T(1,575) T(1,604) T(1,632) T(1,661) T(1,685) T(1,714) T(1,734) T(1,763) T(1,779) T(1,808) T(1,820) T(1,849) T(1,857) T(1,886) T(1,890) T(1,919)
		T(1,172)  T(1,209)  T(1,213) T(1,250) T(1,258) T(1,295) T(1,307) T(1,344) T(1,360) T(1,397) T(1,417) T(1,454) T(1,478) T(1,515) T(1,542) T(1,576) T(1,603) T(1,633) T(1,660) T(1,686) T(1,713) T(1,735) T(1,762) T(1,780) T(1,807) T(1,821) T(1,848) T(1,858) T(1,885) T(1,891) T(1,918) T(1,920)
		T(1,210) T(1,212) T(1,251) T(1,257) T(1,296) T(1,306) T(1,345) T(1,359) T(1,398) T(1,416) T(1,455) T(1,477) T(1,516) T(1,541) T(1,577) T(1,602) T(1,634) T(1,659) T(1,687) T(1,712) T(1,736) T(1,761) T(1,781) T(1,806) T(1,822) T(1,847) T(1,859) T(1,884) T(1,892) T(1,917) T(1,921) T(1,946)
		T(1,211) T(1,252) T(1,256) T(1,297) T(1,305) T(1,346) T(1,358) T(1,399) T(1,415) T(1,456) T(1,476) T(1,517) T(1,540) T(1,578) T(1,601) T(1,635) T(1,658) T(1,688) T(1,711) T(1,737) T(1,760) T(1,782) T(1,805) T(1,823) T(1,846) T(1,860) T(1,883) T(1,893) T(1,916) T(1,922) T(1,945) T(1,947)
 		T(1,253) T(1,255) T(1,298) T(1,304) T(1,347) T(1,357) T(1,400) T(1,414) T(1,457) T(1,475) T(1,518) T(1,539) T(1,579) T(1,600) T(1,636) T(1,657) T(1,689) T(1,710) T(1,738) T(1,759) T(1,783) T(1,804) T(1,824) T(1,845) T(1,861) T(1,882) T(1,894) T(1,915) T(1,923) T(1,944) T(1,948) T(1,969)
		T(1,254) T(1,299) T(1,303) T(1,348) T(1,356) T(1,401) T(1,413) T(1,458) T(1,474) T(1,519) T(1,538) T(1,580) T(1,599) T(1,637) T(1,656) T(1,690) T(1,709) T(1,739) T(1,758) T(1,784) T(1,803) T(1,825) T(1,844) T(1,862) T(1,881) T(1,895) T(1,914) T(1,924) T(1,943) T(1,949) T(1,968) T(1,970)
		T(1,300) T(1,302) T(1,349) T(1,355) T(1,402) T(1,412) T(1,459) T(1,473) T(1,520) T(1,537) T(1,581) T(1,598) T(1,638) T(1,655) T(1,691) T(1,708) T(1,740) T(1,757) T(1,785) T(1,802) T(1,826) T(1,843) T(1,863) T(1,880) T(1,896) T(1,913) T(1,925) T(1,942) T(1,950) T(1,967) T(1,971) T(1,988)
        T(1,301) T(1,350) T(1,354) T(1,403) T(1,411) T(1,460) T(1,472) T(1,521) T(1,536) T(1,582) T(1,597) T(1,639) T(1,654) T(1,692) T(1,707) T(1,741) T(1,756) T(1,786) T(1,801) T(1,827) T(1,842) T(1,864) T(1,879) T(1,897) T(1,912) T(1,926) T(1,941) T(1,951) T(1,966) T(1,972) T(1,987) T(1,989)
   	    T(1,351) T(1,353) T(1,404) T(1,410) T(1,461) T(1,471) T(1,522) T(1,535) T(1,583) T(1,596) T(1,640) T(1,653) T(1,693) T(1,706) T(1,742) T(1,755) T(1,787) T(1,800) T(1,828) T(1,841) T(1,865) T(1,878) T(1,898) T(1,911) T(1,927) T(1,940) T(1,952) T(1,965) T(1,973) T(1,986) T(1,990) T(1,1003)
		T(1,352) T(1,405) T(1,409) T(1,462) T(1,470) T(1,523) T(1,534) T(1,584) T(1,595) T(1,641) T(1,652) T(1,694) T(1,705) T(1,743) T(1,754) T(1,788) T(1,799) T(1,829) T(1,840) T(1,866) T(1,877) T(1,899) T(1,910) T(1,928) T(1,939) T(1,953) T(1,964) T(1,974) T(1,985) T(1,991) T(1,1002) T(1,1004)
