function file=zigzag16(T);

file=[	T(1,1) T(1,2) T(2,1) T(3,1) T(2,2) T(1,3) T(1,4) T(2,3) T(3,2) T(4,1) ...
	T(5,1) T(4,2) T(3,3) T(2,4) T(1,5) T(1,6) T(2,5) T(3,4) T(4,3) T(5,2) ...
	T(6,1) T(7,1) T(6,2) T(5,3) T(4,4) T(3,5) T(2,6) T(1,7) T(1,8) T(2,7) ...
	T(3,6) T(4,5) T(5,4) T(6,3) T(7,2) T(8,1) T(9,1) T(8,2) T(7,3) T(6,4) ...
    T(5,5) T(4,6) T(3,7) T(2,8) T(1,9) T(1,10) T(2,9) T(3,8) T(4,7) T(5,6) ...
	T(6,5) T(7,4) T(8,3) T(9,2) T(10,1) T(11,1) T(10,2) T(9,3) T(8,4) T(7,5) ...
	T(6,6) T(5,7) T(4,8) T(3,9) T(2,10) T(1,11) T(1,12) T(2,11) T(3,10) T(4,9) ...
	T(5,8) T(6,7) T(7,6) T(8,5) T(9,4) T(10,3) T(11,2) T(12,1) T(13,1) T(12,2) ...
	T(11,3) T(10,4) T(9,5) T(8,6) T(7,7) T(6,8) T(5,9) T(4,10) T(3,11) T(2,12) ...
	T(1,13) T(1,14) T(2,13) T(3,12) T(4,11) T(5,10) T(6,9) T(7,8) T(8,7) T(9,6) ...
	T(10,5) T(11,4) T(12,3) T(13,2) T(14,1) T(15,1) T(14,2) T(13,3) T(12,4) T(11,5) ...
	T(10,6) T(9,7) T(8,8) T(7,9) T(6,10) T(5,11) T(4,12) T(3,13) T(2,14) T(1,15) ...
	T(1,16) T(2,15) T(3,14) T(4,13) T(5,12) T(6,11) T(7,10) T(8,9) T(9,8) T(10,7) ...
	T(11,6) T(12,5) T(13,4) T(14,3) T(15,2) T(16,1) T(16,2) T(15,3) T(14,4) T(13,5) ...
    T(12,6) T(11,7) T(10,8) T(9,9) T(8,10) T(7,11) T(6,12) T(5,13) T(4,14) T(3,15) ...
	T(2,16) T(3,16) T(4,15) T(5,14) T(6,13) T(7,12) T(8,11) T(9,10) T(10,9) T(11,8) ...
	T(12,7) T(13,6) T(14,5) T(15,4) T(16,3) T(16,4) T(15,5) T(14,6) T(13,7) T(12,8) ...
	T(11,9) T(10,10) T(9,11) T(8,12) T(7,13) T(6,14) T(5,15) T(4,16) T(5,16) T(6,15) ...
	T(7,14) T(8,13) T(9,12) T(10,11) T(11,10) T(12,9) T(13,8) T(14,7) T(15,6) T(16,5) ...
	T(16,6) T(15,7) T(14,8) T(13,9) T(12,10) T(11,11) T(10,12) T(9,13) T(8,14) T(7,15) ...
	T(6,16) T(7,16) T(8,15) T(9,14) T(10,13) T(11,12) T(12,11) T(13,10) T(14,9) T(15,8) ...
    T(16,7) T(16,8) T(15,9) T(14,10) T(13,11) T(12,12) T(11,13) T(10,14) T(9,15) T(8,16) ...
    T(9,16) T(10,15) T(11,14) T(12,13) T(13,12) T(14,11) T(15,10) T(16,9) T(16,10) T(15,11) ...
	T(14,12) T(13,13) T(12,14) T(11,15) T(10,16) T(11,16) T(12,15) T(13,14) T(14,13) T(15,12) ...
	T(16,11) T(16,12) T(15,13) T(14,14) T(13,15) T(12,16) T(13,16) T(14,15) T(15,14) T(16,13) ...
	T(16,14) T(15,15) T(14,16) T(15,16) T(16,15) T(16,16)];
    
    
