function inv=zigzinv16(T);

inv=[	T(1,1)  T(1,2)  T(1,6)  T(1,7)  T(1,15) T(1,16) T(1,28) T(1,29) T(1,45) T(1,46) T(1,66) T(1,67) T(1,91) T(1,92) T(1,120) T(1,121)
   	    T(1,3)  T(1,5)  T(1,8)  T(1,14) T(1,17) T(1,27) T(1,30) T(1,44) T(1,47) T(1,65) T(1,68) T(1,90) T(1,93) T(1,119) T(1,122) T(1,151)
		T(1,4)  T(1,9)  T(1,13) T(1,18) T(1,26) T(1,31) T(1,43) T(1,48) T(1,64) T(1,69) T(1,89) T(1,94) T(1,118) T(1,123) T(1,150) T(1,152)
		T(1,10) T(1,12) T(1,19) T(1,25) T(1,32) T(1,42) T(1,49) T(1,63) T(1,70) T(1,88) T(1,95) T(1,117) T(1,124) T(1,149) T(1,153) T(1,180)
		T(1,11) T(1,20) T(1,24) T(1,33) T(1,41) T(1,50) T(1,62) T(1,71) T(1,87) T(1,96) T(1,116) T(1,125) T(1,148) T(1,154) T(1,179) T(1,181)
 		T(1,21) T(1,23) T(1,34) T(1,40) T(1,51) T(1,61) T(1,72) T(1,86) T(1,97) T(1,115) T(1,126) T(1,147) T(1,155) T(1,178) T(1,182) T(1,203) 
		T(1,22) T(1,35) T(1,39) T(1,52) T(1,60) T(1,73) T(1,85) T(1,98) T(1,114) T(1,127) T(1,146) T(1,156) T(1,177) T(1,183) T(1,202) T(1,204)
		T(1,36) T(1,38) T(1,53) T(1,59) T(1,74) T(1,84) T(1,99) T(1,113) T(1,128) T(1,145) T(1,157) T(1,176) T(1,184) T(1,201) T(1,205) T(1,222) 
        T(1,37) T(1,54) T(1,58) T(1,75) T(1,83) T(1,100) T(1,112) T(1,129) T(1,144) T(1,158) T(1,175) T(1,185) T(1,200) T(1,206) T(1,221) T(1,223)
   	    T(1,55) T(1,57) T(1,76) T(1,82) T(1,101) T(1,111) T(1,130) T(1,143) T(1,159) T(1,175) T(1,186) T(1,199) T(1,207) T(1,220) T(1,224) T(1,237)
		T(1,56) T(1,77) T(1,81) T(1,102) T(1,110) T(1,131) T(1,142) T(1,160) T(1,174) T(1,187) T(1,198) T(1,208) T(1,219) T(1,225) T(1,236) T(1,238)
		T(1,78) T(1,80) T(1,103) T(1,109) T(1,132) T(1,141) T(1,161) T(1,173) T(1,188) T(1,197) T(1,209) T(1,218) T(1,226) T(1,235) T(1,237) T(1,246)
		T(1,79) T(1,104) T(1,108) T(1,133) T(1,140) T(1,162) T(1,172) T(1,189) T(1,196) T(1,210) T(1,217) T(1,227) T(1,234) T(1,238) T(1,245) T(1,247)
 		T(1,105) T(1,107) T(1,134) T(1,139) T(1,163) T(1,171) T(1,190) T(1,195) T(1,211) T(1,216) T(1,228) T(1,233) T(1,239) T(1,244) T(1,248) T(1,253) 
		T(1,106) T(1,135) T(1,138) T(1,167) T(1,170) T(1,191) T(1,194) T(1,212) T(1,215) T(1,229) T(1,232) T(1,240) T(1,243) T(1,249) T(1,252) T(1,254)
		T(1,136) T(1,137) T(1,168) T(1,169) T(1,192) T(1,193) T(1,213) T(1,214) T(1,230) T(1,231) T(1,241) T(1,242) T(1,250) T(1,251) T(1,255) T(1,256) ];


		
		
		
   	   
		
