function y = COS
%#codegen
y = [
1.000000000000
0.999998823452
0.999995293810
0.999989411082
0.999981175283
0.999970586431
0.999957644552
0.999942349676
0.999924701839
0.999904701083
0.999882347454
0.999857641006
0.999830581796
0.999801169888
0.999769405351
0.999735288261
0.999698818696
0.999659996744
0.999618822495
0.999575296047
0.999529417501
0.999481186966
0.999430604555
0.999377670388
0.999322384588
0.999264747287
0.999204758618
0.999142418725
0.999077727753
0.999010685854
0.998941293187
0.998869549914
0.998795456205
0.998719012234
0.998640218180
0.998559074230
0.998475580573
0.998389737407
0.998301544934
0.998211003360
0.998118112900
0.998022873771
0.997925286199
0.997825350411
0.997723066644
0.997618435139
0.997511456140
0.997402129901
0.997290456679
0.997176436735
0.997060070339
0.996941357765
0.996820299291
0.996696895203
0.996571145791
0.996443051350
0.996312612183
0.996179828596
0.996044700901
0.995907229417
0.995767414468
0.995625256381
0.995480755492
0.995333912140
0.995184726672
0.995033199438
0.994879330795
0.994723121104
0.994564570734
0.994403680058
0.994240449453
0.994074879305
0.993906970002
0.993736721941
0.993564135521
0.993389211148
0.993211949235
0.993032350198
0.992850414460
0.992666142449
0.992479534599
0.992290591348
0.992099313142
0.991905700431
0.991709753669
0.991511473319
0.991310859846
0.991107913723
0.990902635428
0.990695025443
0.990485084256
0.990272812363
0.990058210262
0.989841278459
0.989622017463
0.989400427791
0.989176509965
0.988950264510
0.988721691960
0.988490792853
0.988257567731
0.988022017143
0.987784141645
0.987543941794
0.987301418158
0.987056571306
0.986809401814
0.986559910265
0.986308097245
0.986053963346
0.985797509168
0.985538735312
0.985277642389
0.985014231012
0.984748501802
0.984480455383
0.984210092387
0.983937413449
0.983662419212
0.983385110322
0.983105487431
0.982823551199
0.982539302287
0.982252741366
0.981963869110
0.981672686197
0.981379193314
0.981083391150
0.980785280403
0.980484861773
0.980182135968
0.979877103700
0.979569765685
0.979260122649
0.978948175319
0.978633924429
0.978317370720
0.977998514935
0.977677357825
0.977353900145
0.977028142658
0.976700086129
0.976369731330
0.976037079039
0.975702130039
0.975364885117
0.975025345067
0.974683510689
0.974339382786
0.973992962168
0.973644249651
0.973293246055
0.972939952206
0.972584368935
0.972226497079
0.971866337480
0.971503890986
0.971139158450
0.970772140729
0.970402838688
0.970031253195
0.969657385124
0.969281235357
0.968902804776
0.968522094274
0.968139104746
0.967753837093
0.967366292222
0.966976471045
0.966584374478
0.966190003445
0.965793358874
0.965394441698
0.964993252855
0.964589793290
0.964184063952
0.963776065795
0.963365799781
0.962953266874
0.962538468044
0.962121404269
0.961702076529
0.961280485811
0.960856633108
0.960430519416
0.960002145738
0.959571513082
0.959138622462
0.958703474896
0.958266071408
0.957826413028
0.957384500789
0.956940335732
0.956493918902
0.956045251350
0.955594334131
0.955141168306
0.954685754941
0.954228095109
0.953768189886
0.953306040354
0.952841647601
0.952375012720
0.951906136808
0.951435020969
0.950961666312
0.950486073949
0.950008245002
0.949528180593
0.949045881853
0.948561349916
0.948074585922
0.947585591018
0.947094366353
0.946600913083
0.946105232370
0.945607325381
0.945107193285
0.944604837261
0.944100258491
0.943593458162
0.943084437466
0.942573197601
0.942059739771
0.941544065183
0.941026175051
0.940506070593
0.939983753034
0.939459223602
0.938932483532
0.938403534063
0.937872376440
0.937339011913
0.936803441736
0.936265667170
0.935725689481
0.935183509939
0.934639129820
0.934092550404
0.933543772979
0.932992798835
0.932439629268
0.931884265582
0.931326709081
0.930766961079
0.930205022892
0.929640895843
0.929074581259
0.928506080473
0.927935394823
0.927362525650
0.926787474305
0.926210242138
0.925630830510
0.925049240783
0.924465474325
0.923879532511
0.923291416720
0.922701128334
0.922108668743
0.921514039342
0.920917241529
0.920318276709
0.919717146291
0.919113851690
0.918508394325
0.917900775621
0.917290997008
0.916679059921
0.916064965799
0.915448716088
0.914830312238
0.914209755704
0.913587047945
0.912962190428
0.912335184623
0.911706032005
0.911074734055
0.910441292258
0.909805708105
0.909167983091
0.908528118716
0.907886116488
0.907241977915
0.906595704515
0.905947297807
0.905296759318
0.904644090578
0.903989293123
0.903332368495
0.902673318237
0.902012143902
0.901348847046
0.900683429229
0.900015892016
0.899346236979
0.898674465694
0.898000579741
0.897324580705
0.896646470179
0.895966249756
0.895283921039
0.894599485631
0.893912945145
0.893224301196
0.892533555403
0.891840709392
0.891145764795
0.890448723245
0.889749586383
0.889048355855
0.888345033310
0.887639620403
0.886932118794
0.886222530149
0.885510856136
0.884797098431
0.884081258713
0.883363338666
0.882643339980
0.881921264348
0.881197113471
0.880470889052
0.879742592800
0.879012226429
0.878279791657
0.877545290207
0.876808723809
0.876070094195
0.875329403104
0.874586652278
0.873841843465
0.873094978418
0.872346058894
0.871595086656
0.870842063470
0.870086991109
0.869329871349
0.868570705971
0.867809496763
0.867046245516
0.866280954025
0.865513624091
0.864744257519
0.863972856122
0.863199421712
0.862423956111
0.861646461143
0.860866938638
0.860085390429
0.859301818357
0.858516224264
0.857728610000
0.856938977418
0.856147328375
0.855353664735
0.854557988365
0.853760301138
0.852960604930
0.852158901624
0.851355193105
0.850549481266
0.849741768001
0.848932055212
0.848120344803
0.847306638686
0.846490938774
0.845673246987
0.844853565250
0.844031895490
0.843208239642
0.842382599643
0.841554977437
0.840725374970
0.839893794196
0.839060237070
0.838224705555
0.837387201616
0.836547727224
0.835706284354
0.834862874986
0.834017501106
0.833170164702
0.832320867768
0.831469612303
0.830616400309
0.829761233795
0.828904114772
0.828045045258
0.827184027274
0.826321062846
0.825456154004
0.824589302785
0.823720511227
0.822849781376
0.821977115279
0.821102514991
0.820225982569
0.819347520077
0.818467129580
0.817584813152
0.816700572867
0.815814410807
0.814926329057
0.814036329706
0.813144414849
0.812250586585
0.811354847017
0.810457198253
0.809557642404
0.808656181588
0.807752817926
0.806847553544
0.805940390571
0.805031331143
0.804120377398
0.803207531481
0.802292795538
0.801376171723
0.800457662193
0.799537269108
0.798614994635
0.797690840943
0.796764810208
0.795836904609
0.794907126328
0.793975477554
0.793041960479
0.792106577300
0.791169330218
0.790230221437
0.789289253169
0.788346427627
0.787401747029
0.786455213599
0.785506829564
0.784556597156
0.783604518610
0.782650596167
0.781694832071
0.780737228572
0.779777787923
0.778816512381
0.777853404209
0.776888465673
0.775921699043
0.774953106595
0.773982690607
0.773010453363
0.772036397150
0.771060524262
0.770082836993
0.769103337646
0.768122028523
0.767138911936
0.766153990196
0.765167265622
0.764178740536
0.763188417263
0.762196298135
0.761202385484
0.760206681651
0.759209188978
0.758209909813
0.757208846506
0.756206001414
0.755201376897
0.754194975317
0.753186799044
0.752176850449
0.751165131910
0.750151645806
0.749136394523
0.748119380450
0.747100605980
0.746080073510
0.745057785441
0.744033744180
0.743007952135
0.741980411721
0.740951125355
0.739920095460
0.738887324461
0.737852814788
0.736816568877
0.735778589166
0.734738878096
0.733697438115
0.732654271672
0.731609381224
0.730562769228
0.729514438147
0.728464390448
0.727412628602
0.726359155084
0.725303972373
0.724247082951
0.723188489307
0.722128193929
0.721066199315
0.720002507961
0.718937122373
0.717870045056
0.716801278521
0.715730825284
0.714658687863
0.713584868781
0.712509370565
0.711432195745
0.710353346857
0.709272826439
0.708190637033
0.707106781187
0.706021261449
0.704934080376
0.703845240524
0.702754744457
0.701662594740
0.700568793943
0.699473344640
0.698376249409
0.697277510831
0.696177131491
0.695075113980
0.693971460890
0.692866174817
0.691759258364
0.690650714135
0.689540544737
0.688428752784
0.687315340892
