function y = SRRC
%#codegen
y = [
0.006690562067
-0.005768593810
-0.011827354519
0.020586915021
0.016726405168
-0.053692342207
-0.020253031546
0.196043589067
0.336822413190
0.196043589067
-0.020253031546
-0.053692342207
0.016726405168
0.020586915021
-0.011827354519
-0.005768593810
0.006690562067
];
