function y = TB_i
%#codegen
y = [
1
1
-1
-1
1
1
-1
-1
1
-1
-1
-1
-1
1
-1
1
1
-1
-1
1
1
1
-1
1
1
1
-1
1
-1
1
1
1
-1
1
1
1
1
-1
1
1
-1
-1
-1
-1
1
1
1
-1
-1
-1
1
1
1
1
-1
1
1
1
1
1
-1
-1
-1
1
1
];
