% colors for boxes:
% 0.1+0.7*rand(200,3) was used
cl=[
     0.7374    0.1714    0.3834
    0.7654    0.3448    0.1360
    0.4614    0.2250    0.7636
    0.5950    0.2744    0.7142
    0.6592    0.5487    0.6794
    0.2398    0.7830    0.4140
    0.1748    0.7445    0.7191
    0.5330    0.1377    0.6976
    0.1156    0.7322    0.5534
    0.1263    0.2330    0.4547
    0.1808    0.7948    0.1532
    0.6731    0.3285    0.3537
    0.3638    0.2593    0.2618
    0.2604    0.7606    0.7021
    0.3577    0.6676    0.5441
    0.2222    0.7471    0.6120
    0.6423    0.6030    0.2094
    0.3310    0.7155    0.7648
    0.3210    0.7055    0.3803
    0.6072    0.3502    0.5280
    0.5095    0.1954    0.6589
    0.6444    0.6640    0.5805
    0.3517    0.5768    0.1000
    0.2293    0.4020    0.4519
    0.5016    0.7630    0.7899
    0.4382    0.7658    0.1049
    0.3951    0.1225    0.1287
    0.3221    0.2933    0.1724
    0.7808    0.1474    0.5224
    0.2808    0.6789    0.1323
    0.4970    0.3774    0.3953
    0.3464    0.5068    0.3491
    0.3184    0.3405    0.5884
    0.1066    0.7798    0.3541
    0.5677    0.5224    0.3272
    0.7200    0.5673    0.5742
    0.3949    0.7043    0.5083
    0.7010    0.3941    0.2683
    0.7636    0.1514    0.3624
    0.3633    0.7100    0.2433
    0.2423    0.5863    0.2810
    0.2254    0.6890    0.6931
    0.3144    0.5734    0.3989
    0.6952    0.5910    0.5599
    0.4679    0.7268    0.4719
    0.6799    0.5112    0.7559
    0.1748    0.3276    0.3334
    0.5320    0.7964    0.3526
    0.4968    0.2453    0.6225
    0.2827    0.3004    0.7048
    0.1016    0.6832    0.1154
    0.3011    0.6392    0.6947
    0.6749    0.2404    0.6653
    0.7266    0.6353    0.4799
    0.7971    0.5311    0.4036
    0.1059    0.7750    0.5217
    0.6130    0.4526    0.3346
    0.1592    0.4351    0.6447
    0.5433    0.5100    0.1677
    0.6636    0.7857    0.4164
    0.6810    0.3444    0.6334
    0.4971    0.2827    0.5381
    0.2820    0.5130    0.1010
    0.6492    0.6218    0.1120
    0.2184    0.1574    0.4198
    0.2920    0.3625    0.2551
    0.1034    0.1609    0.3600
    0.3783    0.3227    0.4089
    0.1186    0.4173    0.1425
    0.6983    0.2128    0.3548
    0.2434    0.1419    0.3638
    0.7022    0.4114    0.3109
    0.1393    0.2997    0.7429
    0.2565    0.2394    0.4341
    0.1317    0.4569    0.2263
    0.6257    0.1136    0.3079
    0.5886    0.6811    0.6805
    0.7432    0.2403    0.5327
    0.7362    0.3986    0.5645
    0.6639    0.6132    0.5313
    0.7998    0.4688    0.2829
    0.6605    0.2885    0.7107
    0.3260    0.6375    0.1038
    0.1176    0.7681    0.3557
    0.6130    0.1824    0.5144
    0.4310    0.1174    0.7474
    0.3748    0.3954    0.4206
    0.7020    0.1451    0.3969
    0.1402    0.1879    0.5585
    0.3692    0.1647    0.6350
    0.1993    0.2629    0.3658
    0.1320    0.2478    0.4178
    0.5886    0.5269    0.5507
    0.7395    0.3762    0.6146
    0.3685    0.6087    0.5437
    0.2702    0.7729    0.6481
    0.7350    0.6252    0.1241
    0.5914    0.1551    0.1706
    0.7269    0.7076    0.1292
    0.7636    0.3539    0.2124
    0.7557    0.6579    0.6845
    0.7978    0.6505    0.4916
    0.3779    0.3319    0.2204
    0.5620    0.7650    0.7572
    0.6761    0.6799    0.4795
    0.5357    0.5404    0.6812
    0.5904    0.3069    0.3222
    0.4427    0.5319    0.2629
    0.4562    0.7920    0.5914
    0.6458    0.3408    0.4638
    0.1283    0.2678    0.3003
    0.7307    0.1003    0.1194
    0.6124    0.7365    0.2070
    0.5310    0.5393    0.6487
    0.6286    0.6504    0.4631
    0.2991    0.6241    0.3918
    0.2444    0.5318    0.1760
    0.5565    0.2284    0.5420
    0.7497    0.6905    0.1887
    0.6632    0.6012    0.5065
    0.3453    0.5563    0.2292
    0.2891    0.5290    0.4464
    0.6212    0.7117    0.3348
    0.6061    0.6549    0.2448
    0.6997    0.6071    0.1736
    0.7432    0.3864    0.2075
    0.2883    0.7984    0.7113
    0.5817    0.5367    0.6071
    0.5326    0.3472    0.1025
    0.1501    0.2279    0.6673
    0.2319    0.3246    0.2719
    0.3349    0.2789    0.7202
    0.3177    0.7588    0.6875
    0.3941    0.7250    0.3489
    0.1614    0.7916    0.3207
    0.4919    0.7667    0.2079
    0.5673    0.7119    0.3719
    0.1807    0.2136    0.3138
    0.3210    0.2027    0.6748
    0.7866    0.5549    0.2959
    0.7201    0.6531    0.6960
    0.1159    0.1506    0.2367
    0.7043    0.2712    0.3485
    0.2715    0.1075    0.3422
    0.4035    0.2628    0.5099
    0.1948    0.2784    0.4194
    0.2509    0.7385    0.1269
    0.6423    0.3573    0.3660
    0.1610    0.1266    0.4825
    0.3803    0.5556    0.1478
    0.5131    0.6715    0.2493
    0.2376    0.1586    0.6403
    0.5878    0.1080    0.5413
    0.5151    0.3559    0.6661
    0.4249    0.3889    0.1150
    0.2688    0.3912    0.1082
    0.3889    0.4244    0.3792
    0.6393    0.4262    0.2468
    0.1247    0.4837    0.5115
    0.5253    0.4729    0.6759
    0.1556    0.4554    0.6244
    0.3908    0.6468    0.7504
    0.7898    0.3030    0.4672
    0.6899    0.4854    0.4771
    0.1367    0.5023    0.5671
    0.6093    0.2427    0.7099
    0.1805    0.4887    0.2269
    0.4398    0.2499    0.5894
    0.7080    0.4844    0.2322
    0.1117    0.1488    0.2399
    0.6732    0.7023    0.6397
    0.6487    0.2459    0.4709
    0.2356    0.2670    0.1033
    0.7390    0.3664    0.7688
    0.5786    0.3012    0.7141
    0.7219    0.6254    0.7106
    0.5990    0.3233    0.4458
    0.4394    0.1752    0.4718
    0.6833    0.6643    0.1226
    0.1635    0.2764    0.6251
    0.1178    0.4527    0.6308
    0.3350    0.1279    0.5085
    0.4408    0.5369    0.3591
    0.2578    0.3712    0.4444
    0.4883    0.3158    0.4690
    0.5768    0.3324    0.4141
    0.6845    0.7521    0.1997
    0.7271    0.4276    0.5569
    0.4063    0.1000    0.5723
    0.3798    0.6080    0.6248
    0.4081    0.3796    0.3141
    0.3167    0.1160    0.6630
    0.4129    0.5464    0.3100
    0.7751    0.4075    0.2919
    0.4236    0.5142    0.2893
    0.4472    0.5326    0.6344
    0.1151    0.4179    0.3230
    0.2346    0.1344    0.3499
    0.7287    0.6038    0.5728
    0.3725    0.6181    0.1235];