% Matlab script for testing the W function approximations.
% ________________________________________________________
%
% Syntax:
% wapr_test
%
% (no arguments needed)
%
% This file contains a driver to test the W function
% approximations. Output is a file containing results of test
% calculations.
%
% The driver is used to test the W function approximations by
% comparison with (i) a set of test values of W(x); or (ii) a
% bisection method solution. For the latter case, the user is
% prompted to give the range of x values over which the test is to
% be performed, as well as the number of W values to be calculated
% in that range. The appropriate branch must be requested if the
% desired range is <= 0: 0 for the upper branch (Wp) and nonzero
% for the lower branch (Wm).
%
nbits=52;
%
% D. A. Barry, 23 June 2003 (d.a.barry@ed.ac.uk)
%
% __________________________________________________________________
%
% Start of the driver (testing) program
% _____________________________________
%
% Exact results for Wp(x)
% _______________________
%
% x close to -exp(-1)
%
dx1=[1e-40,2e-40,3e-40,4e-40,5e-40,6e-40,7e-40,8e-40,9e-40,1e-39,1e-30,2e-30,3e-30,4e-30,5e-30,6e-30,7e-30,8e-30,9e-30,1e-29,1e-20,2e-20,3e-20,4e-20,5e-20,6e-20,7e-20,8e-20,9e-20,1e-19,1e-10,2e-10,3e-10,4e-10,5e-10,6e-10,7e-10,8e-10,9e-10,1e-9,1e-5,2e-5,3e-5,4e-5,5e-5,6e-5,7e-5,8e-5,9e-5,1e-4,2e-4,3e-4,4e-4,5e-4,6e-4,7e-4,8e-4,9e-4,1e-3,2e-3,3e-3,4e-3,5e-3,6e-3,7e-3,8e-3,9e-3,1e-2];
wp1=[-.9999999999999999999766835601840287579665,-.9999999999999999999670255745859974370634,-.9999999999999999999596147415871158855702,-.9999999999999999999533671203680575159335,-.9999999999999999999478628555782056161596,-.9999999999999999999428866198325571498809,-.9999999999999999999383104987875354650364,-.9999999999999999999340511491719948741275,-.9999999999999999999300506805520862739007,-.9999999999999999999262669432552936235556,-.9999999999999976683560184028776088243496,-.9999999999999967025574585997473306784697,-.9999999999999959614741587115939935280812,-.9999999999999953367120368057588420244704,-.9999999999999947862855578205706768098859,-.9999999999999942886619832557258611080314,-.9999999999999938310498787535591888253966,-.999999999999993405114917199501910108482,-.9999999999999930050680552086436996003626,-.9999999999999926266943255293804772564852,-.9999999997668356018584094585181033975713,-.9999999996702557458962181283375794922681,-.9999999995961474159255244922555603070484,-.9999999995336712037530626747373742782638,-.9999999994786285558726655558473617503914,-.9999999994288661984343027719079710168757,-.9999999993831049880022078023099082447845,-.9999999993405114918649237720678678043098,-.9999999993005068056839596486461928553989,-.9999999992626694327341550240404575805522,-.9999766837414008807143234266407434345965,-.9999670259370180970391011806287847685011,-.9999596152852334187587360603177913882165,-.9999533678452277190993205651165793258207,-.9999478637616504968301143759542621752943,-.9999428877071168268324462680980110604599,-.999938311767283189655618359697592754013,-.999934052598878483932035240348113191731,-.9999300523114688962155368933174163936848,-.9999262687553819399632780281900349826094,-.9926447551971221136721993073029112268763,-.9896086425917686478635208903220735023288,-.9872831094708759013315476674998231771112,-.9853253899681719161468126266199947992874,-.9836027178149637071691226667555243369797,-.9820470029764667038452666345865058694192,-.9806177971936827573257045283891513709368,-.97928874641099293421931043027104578327,-.9780415451927629881943028498821429186059,-.9768628655744219140604871252425961901255,-.967382626983074241885253344632666448927,-.9601485420712594199373375259293860324633,-.9540768694875733222057908617314370634111,-.9487478690765183543410579996573536771348,-.9439462911219380338176477772712853402016,-.9395442782590063946376623684916441100361,-.9354585313336439336066341889767099608018,-.9316311953818583253420613278986500351794,-.9280201500545670487600430252549212247489,-.8991857663963733198571950343133631348347,-.8774287170665477623395641312875506084256,-.8593275036837387237312746018678000939451,-.8435580020488052057849697812109882706542,-.8294416857114015557682843481727604063558,-.8165758053803078481644781849709953302847,-.8046981564792468915744561969751509934994,-.7936267540949175059651534957734689407879,-.7832291989812967764330746819464532478021];
%
% x close to 0
%
x2=[1e-9,2e-9,3e-9,4e-9,5e-9,6e-9,7e-9,8e-9,9e-9,1e-8,1e-2,2e-2,3e-2,4e-2,5e-2,6e-2,7e-2,8e-2,9e-2,1e-1];
wp2=[9.999999990000000014999999973333333385417e-10,1.9999999960000000119999999573333335e-9,2.999999991000000040499999784000001265625e-9,3.999999984000000095999999317333338666667e-9,4.999999975000000187499998333333349609375e-9,5.999999964000000323999996544000040499999e-9,6.99999995100000051449999359733342086979e-9,7.999999936000000767999989077333503999997e-9,8.999999919000001093499982504000307546869e-9,9.999999900000001499999973333333854166656e-9,9.901473843595011885336326816570107953628e-3,1.961158933740562729168248268298370977812e-2,2.913845916787001265458568152535395243296e-2,3.848966594197856933287598180923987047561e-2,4.767230860012937472638890051416087074706e-2,5.669304377414432493107872588796066666126e-2,6.555812274442272075701853672870305774479e-2,7.427342455278083997072135190143718509109e-2,8.284448574644162210327285639805993759142e-2,9.127652716086226429989572142317956865312e-2,-1.000000001000000001500000002666666671875e-9,-2.000000004000000012000000042666666833333e-9,-3.000000009000000040500000216000001265625e-9,-4.000000016000000096000000682666672e-9,-5.000000025000000187500001666666682942709e-9,-6.000000036000000324000003456000040500001e-9,-7.000000049000000514500006402666754203126e-9,-8.000000064000000768000010922666837333336e-9,-9.000000081000001093500017496000307546881e-9,-1.000000010000000150000002666666718750001e-8,-1.010152719853875327292018767138623973671e-2,-2.041244405580766725973605390749548004159e-2,-3.094279498284817939791038065611524917276e-2,-4.170340843648447389872733812553976786256e-2,-5.270598355154634795995650617915721289428e-2,-6.396318935617251019529498180168867456393e-2,-7.548877886579220591933915955796681153525e-2,-8.729772086157992404091975866027313992649e-2,-9.940635280454481474353567186786621057821e-2,-1.118325591589629648335694568202658422726e-1];
%
% Other Wp results
%
x3=[1e1,1e2,1e3,1e4,1e5,1e6,1e7,1e8,1e9,1e10];
wp3=[1.745528002740699383074301264875389911535,3.385630140290050184888244364529726867492,5.249602852401596227126056319697306282521,7.231846038093372706475618500141253883968,9.284571428622108983205132234759581939317,11.38335808614005262200015678158500428903,13.5143440103060912090067238511621580283,15.66899671545096218719628189389457073619,17.84172596742146918254060066535711011039,20.02868541330495078123430607181488729749];
%
% Exact results for Wm(x)
% _______________________
%
% x close to -exp(-1)
%
