% Кодовая книга для квантования амплитуд фурье-спектра
% вектора 1 - 121 

FMCQ_CODEBOOK(1:121,:)=[... 
0.822998 1.496297 0.584847 1.313507 0.846008 0.614041 0.615298 0.881819 1.227331 0.902116;... 
1.248150 1.020382 0.517184 1.489079 0.650498 0.716904 0.650349 1.260358 0.871024 0.907932;... 
1.167392 1.468091 0.743322 0.712255 1.564293 0.721041 0.528277 0.657527 0.763228 0.846655;... 
1.043080 1.570270 0.444422 0.933200 1.211773 0.669870 0.932675 0.806473 0.913787 0.868244;... 
0.759126 1.037894 1.126967 1.133186 0.789090 0.807399 1.054906 0.949898 1.007863 1.119437;... 
0.977225 1.130888 1.044601 1.432985 0.819888 0.517787 0.932401 0.964477 0.886867 0.895436;... 
0.666187 1.364039 1.088940 0.902131 1.110838 0.980791 0.926721 0.867719 0.925053 0.913544;... 
0.983185 1.460579 0.732273 0.923475 1.088579 0.952291 0.789664 1.025082 0.904670 0.854338;... 
0.697275 1.651033 0.506420 0.809603 1.113992 1.083678 0.629739 0.986236 0.871250 0.997090;... 
0.749416 1.354976 0.731452 1.281438 1.080946 1.037235 0.748186 0.821493 0.879839 0.965350;... 
0.976897 2.009469 0.741592 0.606862 0.644927 0.687413 0.760360 0.833318 0.869851 0.810534;... 
0.576891 1.527863 0.657703 1.006739 1.226803 0.786733 0.991212 0.821165 1.014984 0.878058;... 
0.517211 1.220859 0.886556 0.980153 0.884365 1.041315 0.949276 0.881296 1.373464 0.890748;... 
0.651809 1.106789 0.885180 1.329281 1.124388 0.626778 1.261132 0.822453 0.966925 0.806183;... 
0.614335 1.430380 0.899696 0.847168 0.624567 1.307056 1.360741 0.735438 0.854307 0.674763;... 
0.830604 1.373081 0.785967 0.735951 0.968745 1.100706 0.927619 0.728449 1.292031 0.884959;... 
1.084085 1.385767 0.448480 1.297458 0.770611 0.719263 1.080766 0.909836 0.838299 0.909742;... 
1.244608 1.158451 0.615757 1.169599 1.032735 0.921809 0.916509 1.060343 0.836990 0.767101;... 
1.313869 1.341417 0.481710 0.685601 1.086817 1.003461 0.762127 0.832518 1.081618 0.917168;... 
1.427137 0.932544 0.595881 0.652610 1.073852 0.847480 1.264058 0.899502 0.899264 0.958964;... 
1.027745 1.214124 0.896291 0.972030 0.841943 0.738307 1.048254 1.077882 0.952564 1.056319;... 
0.952252 1.098463 0.690316 1.175721 0.911712 0.962678 0.859269 1.138901 1.074558 0.924091;... 
0.902314 1.163750 1.143587 0.814860 0.923235 0.973077 1.098871 0.966014 0.968856 0.893133;... 
1.133879 1.110463 0.687589 0.793794 1.026535 1.076900 1.185281 0.821843 0.845464 1.079782;... 
0.623910 1.269921 0.722072 0.990256 1.183314 1.161476 0.677381 1.199311 0.902081 0.883634;... 
0.585861 1.189163 0.882952 1.134136 0.900218 1.263223 0.995922 1.011126 0.906268 0.863339;... 
0.687616 1.562003 0.815795 0.701934 0.789752 1.204232 0.821560 1.168157 0.888904 0.860778;... 
0.950686 1.329037 0.692678 0.754646 1.095995 1.446339 0.941535 0.710369 0.789949 0.826271;... 
0.520026 1.293024 0.938993 0.990412 0.897114 0.914170 1.358696 0.952011 0.936183 0.837973;... 
0.669622 1.291638 0.749196 1.167486 1.042641 0.721329 1.005261 1.252692 0.883186 0.854416;... 
0.497926 1.222508 1.403952 0.799058 0.798533 0.793545 1.264461 0.958949 0.843825 0.909886;... 
0.891705 1.342163 0.761635 0.758182 0.987397 1.008477 1.377249 0.845635 0.845744 0.822265;... 
1.174305 0.454482 0.432532 0.691549 1.066271 0.890505 0.845957 1.125649 1.338280 1.204068;... 
1.607432 0.688224 0.500617 1.288348 0.678978 0.674969 1.047764 1.012974 0.954688 0.803209;... 
1.739179 0.919542 0.639494 0.775935 1.021945 0.991820 0.887633 0.876449 0.796800 0.771028;... 
1.620174 1.211703 0.610139 1.372774 1.057336 0.618126 0.642995 0.667444 0.666172 0.676810;... 
1.219952 0.844191 1.016601 0.867402 1.006595 0.940309 0.893858 0.963053 0.730414 1.286290;... 
1.251753 1.004762 0.777132 1.203828 0.656382 0.657205 1.233246 0.874799 1.106710 0.855250;... 
1.348819 0.791939 1.030755 0.765314 1.014939 1.044297 0.747682 1.309667 0.853913 0.723126;... 
1.262759 1.109681 0.672002 1.109957 0.827608 1.272683 0.670943 1.068174 0.752511 0.878203;... 
1.108504 1.250712 0.620039 0.752463 1.439216 0.890828 1.018300 0.736766 0.910504 0.849118;... 
1.222589 1.083869 0.627894 1.150342 1.377353 0.785771 0.679900 0.897937 0.854521 0.920765;... 
1.326349 1.690290 1.188837 0.595281 0.602145 0.626852 0.676343 0.829212 0.785923 0.799661;... 
1.499772 1.400400 0.655881 0.892565 1.089036 0.702486 0.835749 0.800092 0.731263 0.835818;... 
1.126664 1.353291 0.898265 0.897870 0.934461 1.003119 0.982470 0.815886 0.952342 0.831774;... 
1.316478 1.060041 0.667653 1.065408 0.910377 1.002121 1.339044 0.710796 0.720291 0.813624;... 
0.976194 1.377380 1.071262 0.789567 1.085928 1.253806 1.017727 0.719049 0.561583 0.692329;... 
1.202869 1.059008 0.962883 0.999919 0.524897 1.074531 1.091141 0.910749 1.044517 0.859795;... 
1.413976 0.836644 0.666408 1.039645 1.088087 0.820217 0.816371 1.049252 1.083270 0.881172;... 
1.388093 0.807110 0.781561 0.964242 0.973557 1.138037 1.026733 0.970914 0.866461 0.841057;... 
1.456077 0.982162 0.557993 0.738683 1.375522 0.772422 0.644426 0.952329 0.954631 1.004692;... 
1.606208 1.220452 0.738208 0.744965 0.659231 0.813191 0.932141 0.922849 0.956161 0.892080;... 
1.126839 1.038057 0.935449 1.012686 1.080640 0.884338 1.126468 1.076987 0.817224 0.736383;... 
1.215351 0.845602 0.829299 1.204972 0.891515 0.934431 0.887728 0.938925 0.955741 1.114145;... 
1.206387 0.977863 1.051199 0.847855 0.939759 1.254109 0.970361 0.901040 0.844070 0.819544;... 
1.207602 0.976323 0.841307 0.870300 0.877422 0.988163 0.931714 1.031677 1.205409 0.903902;... 
1.095130 1.105129 0.722843 0.943180 1.211443 1.178861 0.634252 0.870933 1.011727 0.936443;... 
1.032014 0.998735 0.686262 1.100404 1.022352 1.222401 1.146689 0.812882 0.927129 0.801404;... 
1.131931 1.489739 0.677826 0.610733 0.759219 0.808122 1.042500 1.077132 1.035717 0.906736;... 
1.342504 1.076171 0.583400 0.764890 0.818097 1.293405 1.058200 0.852259 0.958646 0.872888;... 
1.308520 1.219689 0.935572 0.714861 1.129251 0.856944 0.920880 0.974834 0.821443 0.847930;... 
1.372592 0.887155 0.710732 1.029836 1.278897 0.650119 1.136552 0.881858 0.850047 0.819899;... 
1.019956 1.381944 1.089064 0.576825 0.594933 0.752016 1.265619 1.129530 0.867864 0.768122;... 
1.154864 1.069591 0.913967 0.796105 0.790255 0.854206 1.523905 0.856969 0.887946 0.756665;... 
0.874806 1.645517 0.834275 1.578196 0.903996 0.547038 0.565520 0.704114 0.697290 0.713786;... 
1.153418 1.095160 0.870564 1.655735 1.071838 0.806210 0.607539 0.566859 0.683404 0.826413;... 
0.830864 1.448871 1.014508 0.939034 1.574030 0.796490 0.654852 0.558685 0.641596 0.797132;... 
1.125819 1.396448 0.746324 1.295697 1.137447 1.301677 0.574765 0.486441 0.489204 0.608138;... 
0.832614 0.802739 1.148272 1.316531 1.305743 0.696667 0.940671 0.848198 0.872696 0.851311;... 
1.260278 0.958467 0.667246 1.406435 0.859092 0.534003 0.485425 0.723814 1.418320 0.944772;... 
0.887527 1.330678 1.062704 0.552689 1.098956 0.917567 0.874732 1.075172 0.845710 1.019528;... 
0.906302 1.326878 0.632127 0.781817 1.111568 0.753606 0.896250 0.945621 0.969063 1.304544;... 
0.163798 1.616260 0.520967 1.244674 0.597986 1.174228 0.802735 1.079115 0.892800 0.877604;... 
0.717419 1.075445 0.997204 1.206762 1.312107 1.316050 0.696587 0.745413 0.739740 0.731447;... 
0.339447 1.827655 0.684798 0.716559 0.676084 1.081139 0.894730 0.954454 0.948165 0.910477;... 
0.864667 1.451421 0.725543 1.176080 1.209637 1.083631 1.163663 0.662386 0.501862 0.463726;... 
0.563978 1.135516 0.835026 1.736364 1.000137 0.805360 0.828496 0.833563 0.776277 0.805186;... 
1.009051 1.360317 0.668259 1.417717 1.518623 0.638014 0.446922 0.496800 0.693633 0.726920;... 
0.186440 1.625134 0.835253 1.175778 0.860628 0.885086 1.011866 0.789303 1.010232 0.802450;... 
0.652311 1.599127 0.599516 1.058215 0.801753 0.992815 1.146092 0.829615 0.939228 0.837653;... 
0.759780 1.399480 0.987329 1.024824 0.974458 0.551246 1.150852 0.844956 1.016771 0.925568;... 
1.069814 1.160678 0.803250 1.193140 1.112463 0.744748 1.070724 0.739996 0.924675 0.942765;... 
