% Parameters

Thermo = 'PR'; % Thermodynamic package = {'PR', 'SRK', 'RK'}
DP     = 0.2; % Pressure drop from stage 2 to N-1
% Physical parameters
pc     = [709.8 616.410385 550.70829 487.326798 436.56359]'; % psia
pc     = pc*1e5/14.5038; % Pa
Tc     = [89.906 206.006002 305.618002 385.412001 453.47]'; % F
Tc     = (Tc - 32)/1.8 + 273.15; % K
w      = [0.1064 0.152 0.201 0.254 0.301]';
k(1,1) =  0;
k(1,2) =  1.1e-3;
k(1,3) =  9.6e-3;
k(1,4) =  7.8e-3;
k(1,5) = -0.01;
k(2,2) =  0;
k(2,3) =  3.3e-3;
k(2,4) =  0.0267;
k(2,5) =  7.0e-4;
k(3,3) =  0;
k(3,4) =  0.0174;
k(3,5) = -5.6e-3;
k(4,4) =  0;
k(4,5) =  0;
k(5,5) =  0;
k      =  k + k';
cpig   = [40.33 51.92 71.34 88.05 104.40; 134.22 192.45 243.00 301.10 352.30; 1655.50 1626.50 1630.00 1650.20 1694.60;
          73.22 116.80 150.33 189.20 236.90; 752.87 723.60 730.42 747.60 761.60]'; % J/mol-K
DHf    = [-8.3820e+4 -1.0468e+5 -1.2579e+5 -1.4676e+5 -1.6694e+5]'; % J/mol
DGf    = [-3.1920e+4 -2.4290e+4 -1.6570e+4 -0.8650e+4 +0.0150e+4]'; % J/mol

