function blkStruct = slblocks
%SLBLOCKS Defines the block library for a specific Toolbox or Blockset.

%	Version 1.0 May 21, 1998
%	Copyright (c) 1998   Steve Mitchell

blkStruct.Name = 'WinAudio';
blkStruct.OpenFcn = 'winaudio';

blkStruct.MaskDisplay = ['plot([-60 60 60 -60 -60], [0 0 120 120 0],'...
	'[-30 -30 30 30 -30],[0 5 5 0 0],'...
   '[-20 -20 20 20],[5 10 10 5],'...
   '[-2 -2 2 2],[10 40 40 10],'...
   '[-20.0000  -19.7538  -19.0211  -17.8201  -16.1803  -14.1421  -11.7557  -9.0798   -6.1803   -3.1287    0.0000    3.1287    6.1803    9.0798  11.7557   14.1421   16.1803   17.8201   19.0211   19.7538   20.0000],'...
   '[60.0000   56.8713   53.8197   50.9202   48.2443   45.8579   43.8197  42.1799   40.9789   40.2462   40.0000   40.2462   40.9789   42.1799  43.8197   45.8579   48.2443   50.9202   53.8197   56.8713   60.0000],'...
   '[20 20],[60 80],'...
   '[20.0000   19.7538   19.0211   17.8201   16.1803   14.1421   11.7557  9.0798    6.1803    3.1287    0.0000   -3.1287   -6.1803   -9.0798  -11.7557  -14.1421  -16.1803  -17.8201  -19.0211  -19.7538  -20.0000],'...
   '[80.0000   83.1287   86.1803   89.0798   91.7557   94.1421   96.1803  97.8201   99.0211   99.7538  100.0000   99.7538   99.0211   97.8201  96.1803   94.1421   91.7557   89.0798   86.1803   83.1287   80.0000],'...
   '[-20 -20],[80 60],'...
   '[-5.0000   -4.9384   -4.7553   -4.4550   -4.0451   -3.5355   -2.9389  -2.2700   -1.5451   -0.7822    0.0000    0.7822    1.5451    2.2700   2.9389    3.5355    4.0451    4.4550    4.7553    4.9384    5.0000],'...
   '[60.0000   59.2178   58.4549   57.7300   57.0611   56.4645   55.9549  55.5450   55.2447   55.0616   55.0000   55.0616   55.2447   55.5450  55.9549   56.4645   57.0611   57.7300   58.4549   59.2178   60.0000],'...
   '[5 5], [60 80],'...
   '[5.0000    4.9384    4.7553    4.4550    4.0451    3.5355    2.9389  2.2700    1.5451    0.7822    0.0000   -0.7822   -1.5451   -2.2700   -2.9389   -3.5355   -4.0451   -4.4550   -4.7553   -4.9384   -5.0000],'...
   '[80.0000   80.7822   81.5451   82.2700   82.9389   83.5355   84.0451  84.4550   84.7553   84.9384   85.0000   84.9384   84.7553   84.4550  84.0451   83.5355   82.9389   82.2700   81.5451   80.7822   80.0000],'...
   '[-5 -5],[80 60],'...
   '[-20 20],[68 68],[-20 20],[70 70],[-20 20],[72 72])'];


