A=[...
1 3 7
2 4 0];