function y = TB_q
%#codegen
y = [
1
-1
1
1
1
-1
-1
-1
-1
1
1
-1
1
1
-1
-1
-1
1
-1
-1
1
1
1
-1
-1
1
1
1
-1
-1
-1
-1
-1
-1
1
1
-1
1
-1
1
1
-1
-1
1
-1
-1
1
1
-1
-1
-1
-1
-1
1
1
1
1
-1
-1
-1
-1
1
-1
1
-1
];
