function cr = polyexp(x)
p0 = 0.000010007570413*10^5;
p1 =  0.000028981188340*10^5;
p2 =  -0.000729432278777*10^5;
p3 =  0.011626792136360*10^5;
p4 =  -0.0983885598962208*10^5;
p5 =  0.478139607638493*10^5;
p6 = -1.374485785417688*10^5;
p7 =  2.306704056296062*10^5;
p8 = -2.0866638136498138*10^5;
p9 =  0.785625551923769*10^5;
cr = p0 + p1*x^1 + p2*x^2 + p3*x^3 + p4*x^4 + p5*x^5 + p6*x^6 + p7*x^7 + p8*x^8 + p9*x^9;
end

