% Кодовая книга для квантования амплитуд фурье-спектра
% вектора 122 - 256 

FMCQ_CODEBOOK(122:256,:)=[... 
1.250553 1.148173 0.606277 0.991795 0.997859 0.688890 0.942568 0.922857 1.233180 0.891771;... 
1.223899 1.343365 0.813470 0.600631 0.514261 1.292102 0.994158 1.012705 0.774822 0.889761;... 
1.434258 1.190874 0.478282 0.454840 0.731792 1.170314 0.776934 1.201793 0.865726 0.993823;... 
1.075483 0.950940 1.056806 0.939311 0.767863 1.050672 0.923138 1.208091 0.957328 0.914622;... 
1.152850 0.985329 0.758860 0.902903 1.268339 0.822622 0.951593 0.972154 0.988798 1.010038;... 
0.934316 1.213602 1.137776 0.530840 0.583216 1.327735 0.648220 1.122533 0.983140 0.947688;... 
1.096461 1.329950 1.056696 1.096312 0.518753 0.667957 1.377914 0.802439 0.713627 0.728387;... 
0.438479 0.986558 0.795180 1.048475 1.212747 1.336801 0.859633 1.040980 0.943136 0.921149;... 
1.106514 0.482598 0.612108 1.642264 0.798236 0.780622 0.825869 0.883680 1.122055 0.975218;... 
0.977340 0.929082 0.748423 0.688517 1.866792 0.978102 0.704420 0.691328 0.814419 0.732273;... 
2.061007 1.317233 0.531080 0.663650 0.466228 0.673965 0.663756 0.680624 0.722060 0.735546;... 
0.324483 0.566419 1.626532 0.909957 0.767043 1.218518 0.923857 0.781191 1.034489 0.929690;... 
1.132776 0.664024 0.658276 1.115888 1.058611 0.773592 1.143017 1.345343 0.885859 0.793138;... 
0.693193 0.957946 1.074530 0.991271 1.178869 1.050262 1.231718 0.919607 0.838514 0.820971;... 
0.981206 1.282808 0.628439 0.831905 0.871888 1.000360 1.072068 1.359583 0.865264 0.714229;... 
0.444708 1.320901 0.863009 0.823633 1.282252 1.175766 1.016159 0.800445 0.885734 0.918392;... 
0.524278 0.903183 0.842282 0.999358 1.663203 0.862494 0.990065 0.863742 0.861246 0.885159;... 
0.647517 1.630489 0.674425 0.552789 1.367019 0.802523 1.078554 0.810538 0.843750 0.824923;... 
1.157635 1.168651 0.661005 0.556302 1.240422 0.970912 0.829631 1.237884 0.917322 0.831318;... 
0.271398 0.978008 0.699287 1.501347 0.903792 1.105029 0.960131 1.036695 1.001109 0.890359;... 
0.275143 0.628587 1.143603 1.112293 1.315251 1.071179 0.889841 0.954181 1.018312 0.964080;... 
0.659209 1.447333 0.894087 1.001992 0.839399 1.449942 0.796803 0.843993 0.756016 0.817636;... 
0.853138 1.064738 0.855133 0.742170 0.868512 1.370756 0.989681 1.038327 0.937196 0.993200;... 
0.973539 1.188932 1.023116 0.931037 1.059522 0.699512 0.709015 1.360161 0.889684 0.811761;... 
1.226588 1.022695 0.719215 1.364611 0.676914 0.710196 1.255418 1.207082 0.643748 0.569250;... 
0.911359 1.344114 1.042414 0.518823 1.545711 0.394875 0.583463 1.042424 0.973970 0.781663;... 
1.728382 0.630457 0.384633 0.410263 0.623340 0.756137 0.963416 1.240436 1.179740 0.957703;... 
0.738959 0.590931 1.110580 1.101743 0.983178 0.969963 1.084357 1.136055 1.021410 0.944931;... 
1.244427 0.569958 1.057313 1.369461 0.723367 0.805159 1.027868 1.091877 0.873967 0.776658;... 
0.787743 0.905228 1.203273 0.843008 1.182612 1.029414 0.763719 1.097128 0.900016 1.016990;... 
1.314427 1.012982 0.695385 0.878737 0.749022 0.792771 1.048592 1.421864 0.816344 0.837093;... 
0.284264 1.037450 0.783668 1.045137 1.085681 0.925955 1.010468 0.963587 1.285465 1.083612;... 
0.182413 0.501944 0.613194 0.864945 1.046530 1.201125 1.222115 1.201816 1.144754 1.100226;... 
0.399720 1.302627 1.339572 0.544091 1.113712 0.704227 0.959569 1.086265 0.919326 0.996120;... 
1.312087 1.234779 1.155127 0.573204 0.603170 1.675500 0.578462 0.549438 0.586763 0.627105;... 
0.347498 1.019206 0.902255 0.918363 1.078096 0.895444 1.295650 1.236476 0.896594 0.955950;... 
0.228297 0.547356 1.316811 1.334579 0.850478 0.739122 1.162684 1.153175 0.961239 0.847730;... 
0.450951 1.164991 1.356497 0.748838 1.098313 1.180630 0.960353 0.882357 0.871493 0.801907;... 
1.101005 1.177952 1.577841 0.463778 0.535020 0.573959 0.857461 1.214102 0.824723 0.827632;... 
1.008192 0.512187 0.511630 0.803656 1.363784 1.397129 1.041883 0.945399 0.880500 0.836761;... 
1.333032 0.522169 0.512363 0.626419 0.780427 0.951713 1.495366 1.235918 0.888195 0.836141;... 
1.680621 0.528954 0.445504 0.623836 1.316133 1.053039 0.890863 0.877480 0.775161 0.883213;... 
2.235511 0.589895 0.429925 0.577054 0.680209 0.667395 0.784315 0.803936 0.861809 0.801209;... 
1.092796 0.555938 1.481165 0.731586 1.165349 0.972450 0.847847 0.832928 0.893096 0.925555;... 
1.276456 0.719658 0.981702 1.037082 1.176864 0.684247 0.782879 0.891723 1.117659 1.034450;... 
1.228245 0.771626 1.121788 0.749934 0.884593 0.958108 1.233677 1.045060 0.933820 0.833295;... 
1.469187 0.712424 0.977325 0.707326 1.237597 0.953937 0.835168 0.794138 0.991406 0.934207;... 
1.079164 1.065143 1.263724 0.575489 1.628970 0.516204 0.546497 0.527023 0.774807 1.079119;... 
1.337945 0.994695 0.675169 0.865744 1.373516 1.324911 0.866779 0.633895 0.599425 0.727921;... 
1.511212 0.641169 1.710560 0.731522 0.590315 0.546117 0.624898 0.778970 0.908906 0.903649;... 
1.760845 1.236091 1.067203 0.487204 0.655720 0.713362 0.697764 0.749475 0.847174 0.921298;... 
1.242002 1.065400 0.986706 0.626575 1.306310 0.681929 0.717473 0.615010 1.350818 0.832838;... 
1.114715 0.651334 1.082160 1.095767 1.064034 1.122643 1.004475 0.903535 0.874168 0.865362;... 
1.244497 1.005714 1.193496 0.734583 0.598761 1.274922 1.289539 0.614727 0.688696 0.778442;... 
1.408250 0.839767 1.067828 0.572007 0.672582 1.239141 0.865001 0.858314 1.080318 0.941161;... 
1.250488 0.918235 1.101326 0.668242 1.365644 0.555295 0.552784 1.259466 0.907460 0.811412;... 
1.631045 0.643427 0.448596 0.462433 0.721966 1.376064 1.149863 0.918544 0.813496 0.874574;... 
1.535075 1.109493 1.002904 0.867410 1.515072 0.754291 0.569348 0.512821 0.594932 0.664862;... 
1.968050 0.717136 1.151858 0.741070 0.764881 0.686026 0.715694 0.699206 0.765000 0.778737;... 
1.413788 0.795490 1.377022 0.733397 1.230761 0.728025 0.815985 0.866154 0.713555 0.821627;... 
1.339077 0.710095 1.014431 1.092420 0.988468 0.688934 1.213969 0.865531 0.928889 0.852068;... 
1.172569 0.971105 1.147345 0.503528 1.077878 1.006880 0.936191 1.024685 0.978125 0.897520;... 
1.346133 0.825702 1.278602 0.712776 0.990801 0.824307 0.741063 0.777009 1.172757 0.958583;... 
0.838360 1.061588 1.184451 0.806865 1.445930 0.716610 1.122729 0.763437 0.824729 0.830950;... 
1.276108 0.881797 1.013445 0.821855 1.264900 1.025945 1.227647 0.703569 0.659312 0.734361;... 
1.043635 1.011762 1.513310 0.739962 0.660585 0.587323 0.680578 0.841721 1.167268 1.132996;... 
1.473979 0.627258 1.381177 0.659284 0.759202 1.049849 1.020305 0.870139 0.779335 0.834162;... 
1.308547 0.926336 1.119570 0.550398 1.232051 0.605843 1.181402 0.819554 0.865953 0.920083;... 
1.337645 0.769449 1.229177 0.813618 0.735630 0.883470 1.569295 0.634285 0.606052 0.688148;... 
1.290794 1.093894 1.145434 0.552063 0.804350 0.769436 0.840595 1.089482 1.009731 1.051359;... 
1.364932 0.913519 1.316632 0.718362 0.529225 0.723872 1.181281 0.876150 0.962565 0.918262;... 
0.803741 1.388152 0.980932 1.386743 0.402886 1.229764 0.855613 0.743859 0.738745 0.812385;... 
1.187083 1.328233 0.750736 1.808456 0.498683 0.428506 0.498878 0.815022 0.756569 0.712230;... 
1.008780 1.634667 0.998899 1.114864 1.106568 0.814867 0.677242 0.626767 0.727848 0.701162;... 
1.442123 1.578969 1.235055 1.279799 0.604508 0.459123 0.486663 0.548079 0.537477 0.639041;... 
0.824699 0.832512 1.286809 0.946005 0.788899 1.581450 0.819352 0.804348 0.757910 0.797158;... 
1.173084 0.852089 0.837159 1.215371 0.614107 0.664921 0.798941 1.185092 1.404650 0.752108;... 
0.837980 1.195548 1.251800 1.166862 1.139151 0.630036 0.966812 0.823920 0.819578 0.833867;... 
1.284059 1.360185 0.903226 1.260066 0.869280 0.794052 0.767674 0.784999 0.770146 0.814413;... 
0.434909 1.062061 0.820721 0.980006 0.915903 1.352711 1.363232 0.818512 0.933755 0.804752;... 
0.140705 0.369673 0.761460 1.721146 1.281940 0.814390 0.770430 0.912685 1.029093 0.894100;... 
0.381833 1.386068 0.895360 0.756433 0.795777 0.665474 1.098763 1.438104 1.037485 0.828884;... 
