rows = 240;
cols = 360;
%fps = 1;
fps = 1/88800; 
blk = 5;
